{
  "advancedEditorSelectedIdentifier" : "ProjectBrowser",
  "openSceneRelativePaths" : [
    "Immersive.usda"
  ],
  "recentIdentifiers" : {
    "AF09ED6F-1707-48FD-8720-65B998362C09" : [

    ]
  },
  "sceneCameraHistory" : {
    "0F4654CE-8B06-497D-AE02-D5CC063C67EE" : [
      {
        "date" : 721958146.740298,
        "title" : "Untitled",
        "transform" : [
          0.99999994,
          0,
          -0,
          0,
          -0,
          0.8660255,
          -0.49999988,
          0,
          0,
          0.49999988,
          0.8660255,
          0,
          0,
          0.19544753,
          0.3385251,
          1
        ]
      }
    ],
    "AF09ED6F-1707-48FD-8720-65B998362C09" : [
      {
        "date" : 721958274.434826,
        "title" : "Untitled",
        "transform" : [
          0.9651617,
          8.646865e-09,
          0.2616544,
          0,
          0.05858264,
          0.9746137,
          -0.21609315,
          0,
          -0.25501195,
          0.22389323,
          0.9406598,
          0,
          -0.20474386,
          0.25730854,
          0.7158707,
          1
        ]
      },
      {
        "date" : 721958263.015274,
        "title" : "Untitled",
        "transform" : [
          0.9651617,
          8.646865e-09,
          0.2616544,
          0,
          0.05858264,
          0.9746137,
          -0.21609315,
          0,
          -0.25501195,
          0.22389323,
          0.9406598,
          0,
          -0.13402696,
          0.29755,
          0.3852045,
          1
        ]
      },
      {
        "date" : 721958049.275185,
        "title" : "Untitled",
        "transform" : [
          0.9651617,
          8.646865e-09,
          0.2616544,
          0,
          0.05858264,
          0.9746137,
          -0.21609315,
          0,
          -0.25501195,
          0.22389323,
          0.9406598,
          0,
          -0.53792036,
          1.1942242,
          1.5460277,
          1
        ]
      },
      {
        "date" : 721958025.265092,
        "title" : "Untitled",
        "transform" : [
          0.96516156,
          1.0554944e-08,
          0.2616544,
          0,
          0.058582645,
          0.97461367,
          -0.21609317,
          0,
          -0.25501195,
          0.2238932,
          0.9406597,
          0,
          -0.39576638,
          0.39554533,
          1.6718142,
          1
        ]
      },
      {
        "date" : 721958013.47242,
        "title" : "Untitled",
        "transform" : [
          0.96516156,
          1.0554944e-08,
          0.2616544,
          0,
          0.058582645,
          0.97461367,
          -0.21609317,
          0,
          -0.25501195,
          0.2238932,
          0.9406597,
          0,
          -0.08730186,
          0.08725311,
          0.36878434,
          1
        ]
      },
      {
        "date" : 721957990.253391,
        "title" : "Untitled",
        "transform" : [
          0.5540124,
          5.1113727e-09,
          0.8325083,
          0,
          -0.07931889,
          0.9954509,
          0.052784618,
          0,
          -0.8287211,
          -0.095277034,
          0.5514922,
          0,
          -0.31536385,
          -0.0368032,
          0.22456129,
          1
        ]
      },
      {
        "date" : 721957980.130225,
        "title" : "Untitled",
        "transform" : [
          0.9820748,
          4.153141e-09,
          0.18849179,
          0,
          0.01157404,
          0.9981131,
          -0.060302805,
          0,
          -0.1881361,
          0.0614034,
          0.9802217,
          0,
          -0.06111129,
          0.024098944,
          0.38330308,
          1
        ]
      },
      {
        "date" : 721957312.0564,
        "title" : "Untitled",
        "transform" : [
          0.41344517,
          3.7723598e-09,
          0.910529,
          0,
          0.30188057,
          0.9434398,
          -0.13707533,
          0,
          -0.85902923,
          0.3315441,
          0.39006063,
          0,
          -0.3289249,
          0.12914819,
          0.16279721,
          1
        ]
      },
      {
        "date" : 721957261.286666,
        "title" : "Untitled",
        "transform" : [
          0.99623996,
          7.2804085e-10,
          -0.08663695,
          0,
          -0.0003593604,
          0.9999914,
          -0.004132284,
          0,
          0.08663621,
          0.00414788,
          0.99623144,
          0,
          0.034755036,
          0.0013975576,
          0.29264283,
          1
        ]
      },
      {
        "date" : 721957238.831945,
        "title" : "Untitled",
        "transform" : [
          0.9962399,
          7.374271e-10,
          -0.08663696,
          0,
          -0.00035936042,
          0.99999136,
          -0.0041322834,
          0,
          0.086636215,
          0.00414788,
          0.9962314,
          0,
          0.24066639,
          0.07653385,
          0.6752035,
          1
        ]
      }
    ]
  },
  "selectedSceneRelativePath" : "Immersive.usda"
}